PreconLBFGS:   0  13:51:54      -11.860665       0.0000       0.0712
PreconLBFGS:   1  13:59:07      -11.911165       0.0000       0.0169
PreconLBFGS:   2  14:02:15      -11.919787       0.0000       0.0045
PreconLBFGS:   3  14:04:31      -11.920931       0.0000       0.0016
